0,518
0,517
0,516
0,515
0,514
0,513
0,512
0,511
0,510
0,509
0,508
0,507
0,506
0,505
0,504
0,503
0,502
0,501
0,500
0,499
0,498
0,497
0,496
0,495
0,494
0,493
0,492
0,491
0,490
0,489
0,488
0,487
0,486
0,485
0,484
0,483
13,30
13,29
13,28
13,27
13,26
13,25
13,24
13,23
13,22
13,21
13,20
13,19
13,18
13,17
13,16
13,15
13,14
13,13
13,12
13,11
13,10
13,9
13,8
13,7
13,6
13,5
13,4
13,3
13,2
13,1
13,0
0,482
0,481
0,480
0,479
0,478
0,477
0,476
0,475
0,474
12,315
12,314
12,313
12,312
12,311
12,310
12,309
12,308
12,307
12,306
12,305
12,304
12,303
12,302
12,301
12,300
12,299
12,298
12,297
12,296
12,295
12,294
12,293
12,292
12,291
12,290
12,289
12,288
12,287
12,286
12,285
12,284
12,283
12,282
12,281
12,280
12,279
12,278
12,277
12,276
12,275
12,274
12,273
12,272
12,271
12,270
12,269
12,268
12,267
12,266
12,265
12,264
12,263
12,262
12,261
12,260
12,259
12,258
12,257
12,256
12,255
12,254
12,253
12,252
12,251
12,250
12,249
12,248
12,247
12,246
12,245
12,244
12,243
12,242
12,241
12,240
12,239
12,238
12,237
12,236
12,235
12,234
12,233
12,232
12,231
12,230
12,229
12,228
12,227
12,226
12,225
12,224
12,223
12,222
12,221
12,220
12,219
12,218
12,217
12,216
12,215
12,214
12,213
12,212
12,211
12,210
12,209
12,208
12,207
12,206
12,205
12,204
12,203
12,202
12,201
12,200
12,199
12,198
12,197
12,196
12,195
12,194
12,193
12,192
12,191
12,190
12,189
12,188
12,187
12,186
12,185
12,184
12,183
12,182
12,181
12,180
12,179
12,178
12,177
12,176
12,175
12,174
12,173
12,172
12,171
12,170
12,169
12,168
12,167
12,166
12,165
12,164
12,163
12,162
12,161
12,160
12,159
12,158
12,157
12,156
12,155
12,154
12,153
12,152
12,151
12,150
12,149
12,148
12,147
12,146
12,145
12,144
12,143
12,142
12,141
12,140
12,139
12,138
12,137
12,136
12,135
12,134
12,133
12,132
12,131
12,130
12,129
12,128
12,127
12,126
12,125
12,124
12,123
12,122
12,121
12,120
12,119
12,118
12,117
12,116
12,115
12,114
12,113
12,112
12,111
12,110
12,109
12,108
12,107
12,106
12,105
12,104
12,103
12,102
12,101
12,100
12,99
12,98
12,97
12,96
12,95
12,94
12,93
12,92
12,91
12,90
12,89
12,88
12,87
12,86
12,85
12,84
12,83
12,82
12,81
12,80
12,79
12,78
12,77
12,76
12,75
12,74
12,73
12,72
12,71
12,70
12,69
12,68
12,67
12,66
12,65
12,64
12,35
12,34
12,33
12,32
12,31
12,30
12,29
12,28
12,27
12,26
12,25
12,24
12,23
12,22
12,21
12,20
12,19
12,18
12,17
12,16
12,15
12,14
12,13
12,12
12,11
12,10
12,9
12,8
12,7
12,6
12,5
12,4
12,3
12,2
12,1
12,0
10,315
10,314
10,313
10,312
10,311
10,310
10,309
11,30
10,308
10,307
10,306
10,305
10,304
9,17
10,303
10,302
10,301
10,300
11,29
10,299
10,298
10,297
10,296
10,295
10,294
10,293
10,292
10,291
10,290
10,289
11,28
10,288
10,287
10,286
10,285
10,284
10,283
10,282
10,281
10,280
8,7
10,279
10,278
10,277
10,276
10,275
10,274
11,27
10,273
10,272
10,271
10,270
10,269
9,16
10,268
10,267
10,266
10,265
10,264
10,263
11,26
10,262
10,261
10,260
10,259
10,258
10,257
11,25
10,256
10,255
10,254
10,253
10,252
10,251
10,250
10,249
10,248
10,247
10,246
11,24
10,245
9,15
10,244
10,243
10,242
10,241
10,240
10,239
10,238
9,14
10,237
10,236
10,235
10,234
10,233
10,232
10,231
11,23
10,230
10,229
10,228
10,227
10,226
10,225
10,224
10,223
11,22
10,222
10,221
10,220
10,219
10,218
10,217
10,216
10,215
10,214
10,213
9,13
9,12
11,21
10,212
10,211
10,210
10,209
10,208
10,207
10,206
10,205
10,204
10,203
10,202
11,20
10,201
10,200
10,199
10,198
10,197
10,196
10,195
10,194
10,193
10,192
10,191
10,190
11,19
10,189
10,188
10,187
10,186
10,185
9,11
10,184
10,183
10,182
10,181
10,180
10,179
8,6
10,178
10,177
10,176
10,175
10,174
11,18
10,173
10,172
10,171
10,170
10,169
10,168
10,167
11,17
10,166
10,165
10,164
10,163
10,162
10,161
10,160
11,16
10,159
10,158
10,157
9,10
10,156
10,155
10,154
10,153
10,152
10,151
10,150
10,149
10,148
10,147
10,146
11,15
10,145
10,144
10,143
10,142
10,141
10,140
10,139
10,138
10,137
10,136
10,135
10,134
10,133
11,14
10,132
10,131
10,130
10,129
8,5
8,4
9,9
10,128
10,127
9,8
10,126
10,125
11,13
10,124
10,123
10,122
10,121
10,120
10,119
10,118
10,117
10,116
10,115
11,12
10,114
10,113
10,112
10,111
10,110
10,109
10,108
10,107
10,106
10,105
11,11
10,104
10,103
10,102
10,101
10,100
10,99
10,98
10,97
10,96
10,95
9,7
10,94
10,93
10,92
11,10
10,91
10,90
10,89
10,88
10,87
10,86
10,85
10,84
10,83
10,82
10,81
10,80
10,79
10,78
10,77
10,76
11,9
10,75
10,74
10,73
10,72
10,71
11,8
10,70
9,6
10,69
10,68
10,67
10,66
10,65
10,64
10,35
10,34
10,33
10,32
11,7
10,31
10,30
10,29
9,5
9,4
10,28
10,27
10,26
10,25
10,24
10,23
10,22
10,21
10,20
10,19
11,6
10,18
10,17
10,16
10,15
10,14
10,13
10,12
11,5
11,4
10,11
10,10
10,9
10,8
10,7
10,6
0,473
0,472
0,471
0,470
0,469
0,468
0,467
0,466
0,465
0,464
0,463
0,462
0,461
0,460
0,459
0,458
0,457
0,456
0,455
0,454
0,453
0,452
0,451
0,450
0,449
0,448
0,447
0,446
0,445
0,444
0,443
0,442
0,441
0,440
0,439
0,438
0,437
0,436
0,435
10,5
10,4
0,434
0,433
0,432
0,431
0,430
0,429
0,428
0,427
0,426
0,425
0,424
0,423
0,422
0,421
0,420
0,419
0,418
0,417
0,416
0,415
0,414
0,413
0,412
0,411
0,410
0,409
0,408
0,407
0,406
0,405
0,404
0,403
0,402
0,401
0,400
0,399
0,398
0,397
0,396
0,395
0,394
0,393
0,392
0,391
0,390
0,389
0,388
0,387
0,386
0,385
0,384
0,383
0,382
0,381
0,380
0,379
0,378
0,377
0,376
0,375
0,374
0,373
0,372
0,371
0,370
0,369
0,368
0,367
0,366
11,3
11,2
11,1
11,0
0,365
0,364
0,363
0,362
0,361
10,3
10,2
10,1
10,0
0,360
0,359
0,358
0,357
0,356
9,3
9,2
9,1
9,0
0,355
0,354
0,353
0,352
0,351
8,3
8,2
8,1
8,0
0,350
0,349
0,348
0,347
0,346
0,345
0,344
0,343
0,342
0,341
7,3
7,2
0,340
7,1
7,0
0,339
0,338
0,337
0,336
0,335
0,334
0,333
0,332
6,3
6,2
0,331
6,1
6,0
0,330
0,329
0,328
0,327
0,326
0,325
0,324
0,323
0,322
5,3
5,2
0,321
5,1
5,0
0,320
0,319
0,318
0,317
0,316
4,3
4,2
4,1
4,0
3,3
3,2
3,1
3,0
2,3
2,2
2,1
2,0
1,3
1,2
1,1
1,0
0,243
0,9
0,310
0,305
0,308
0,307
0,302
0,304
0,303
0,12
0,10
0,8
0,0
0,300
0,299
0,298
0,297
0,296
0,295
0,294
0,293
0,292
0,291
0,290
0,289
0,288
0,287
0,286
0,285
0,284
0,283
0,282
0,281
0,280
0,279
0,278
0,277
0,276
0,275
0,274
0,273
0,272
0,271
0,270
0,269
0,268
0,267
0,266
0,265
0,264
0,263
0,262
0,261
0,260
0,259
0,258
0,257
0,256
0,255
0,254
0,253
0,252
0,251
0,250
0,249
0,248
0,247
0,246
0,245
0,244
0,242
0,241
0,240
0,239
0,238
0,237
0,236
0,235
0,234
0,233
0,232
0,231
0,230
0,229
0,228
0,227
0,226
0,225
0,224
0,223
0,222
0,221
0,220
0,219
0,218
0,217
0,216
0,215
0,214
0,213
0,212
0,211
0,210
0,209
0,208
0,207
0,206
0,205
0,204
0,203
0,202
0,201
0,200
0,199
0,198
0,197
0,196
0,195
0,194
0,193
0,192
0,63
0,62
0,61
0,60
0,59
0,58
0,57
0,56
0,55
0,54
0,53
0,52
0,315
0,51
0,314
0,50
0,313
0,49
0,312
0,48
0,311
0,47
0,309
0,46
0,306
0,45
0,301
0,6
0,5
0,1
0,11
0,4
0,2
0,3
0,7
